From state 0:    0,00   0,00   0,00   0,00   0,00   0,00   0,00   0,00 
From state 1:    0,00   0,00   0,00   0,00   0,00   0,00   0,00   0,00 
From state 2:    0,00 -49,98   0,00 -48,44   0,00  -1,00   0,00  -1,00 
From state 3:    0,00   0,00   0,00   0,00   0,00   0,00   0,00   0,00 
From state 4:    0,00   0,00   0,00   0,00   0,00   0,00   0,00   0,00 
From state 5:    0,00   0,00   0,00   0,00   0,00   0,00   0,00   0,00 
From state 6:    0,00 -46,88   0,00 -49,61   0,00  -1,00   0,00   0,00 
From state 7:    0,00   0,00   0,00   0,00   0,00   0,00   0,00   0,00 
From state 8:    0,00   0,00   0,00   0,00   0,00   0,00   0,00   0,00 
From state 9:    0,00   0,00   0,00   0,00   0,00   0,00   0,00   0,00 
From state 10:    0,00 -46,88   0,00 -48,44   0,00   0,00   0,00  -0,88 
From state 11:    0,00   0,00   0,00   0,00   0,00   0,00   0,00   0,00 
From state 12:    0,00   0,00   0,00   0,00   0,00   0,00   0,00   0,00 
From state 13:    0,00   0,00   0,00   0,00   0,00   0,00   0,00   0,00 
From state 14:    0,00 -37,50   0,00 -25,00   0,00   0,00   0,00   0,00 
From state 15:    0,00   0,00   0,00   0,00   0,00   0,00   0,00   0,00 
From state 16:    0,00   0,00   0,00   0,00   0,00   0,00   0,00   0,00 
From state 17:    0,00   0,00   0,00   0,00   0,00   0,00   0,00   0,00 
From state 18:    0,00 -25,00   0,00   0,00   0,00  -0,88   0,00  -0,50 
From state 19:    0,00   0,00   0,00   0,00   0,00   0,00   0,00   0,00 
From state 20:    0,00   0,00   0,00   0,00   0,00   0,00   0,00   0,00 
From state 21:    0,00   0,00   0,00   0,00   0,00   0,00   0,00   0,00 
From state 22:    0,00 -37,50   0,00   0,00   0,00   0,00   0,00   0,00 
From state 23:    0,00   0,00   0,00   0,00   0,00   0,00   0,00   0,00 
From state 24:    0,00   0,00   0,00   0,00   0,00   0,00   0,00   0,00 
From state 25:    0,00   0,00   0,00   0,00   0,00   0,00   0,00   0,00 
From state 26:    0,00 -25,00   0,00   0,00   0,00   0,00   0,00   0,00 
From state 27:    0,00   0,00   0,00   0,00   0,00   0,00   0,00   0,00 
From state 28:    0,00   0,00   0,00   0,00   0,00   0,00   0,00   0,00 
From state 29:    0,00   0,00   0,00   0,00   0,00   0,00   0,00   0,00 
From state 30:    0,00 -25,00   0,00   0,00   0,00   0,00   0,00   0,00 
From state 31:    0,00   0,00   0,00   0,00   0,00   0,00   0,00   0,00 
From state 32:    0,00   0,00   0,00   0,00   0,00   0,00   0,00   0,00 
From state 33:    0,00   0,00   0,00   0,00   0,00   0,00   0,00   0,00 
From state 34:    0,00   0,00   0,00   0,00   0,00  -0,50   0,00  -0,50 
From state 35:    0,00   0,00   0,00   0,00   0,00   0,00   0,00   0,00 
From state 36:    0,00   0,00   0,00   0,00   0,00   0,00   0,00   0,00 
From state 37:    0,00   0,00   0,00   0,00   0,00   0,00   0,00   0,00 
From state 38:    0,00   0,00   0,00   0,00   0,00   0,00   0,00   0,00 
From state 39:    0,00   0,00   0,00   0,00   0,00   0,00   0,00   0,00 
From state 40:    0,00   0,00   0,00   0,00   0,00   0,00   0,00   0,00 
From state 41:    0,00   0,00   0,00   0,00   0,00   0,00   0,00   0,00 
From state 42:    0,00   0,00   0,00   0,00   0,00   0,00   0,00   0,00 
From state 43:    0,00   0,00   0,00   0,00   0,00   0,00   0,00   0,00 
From state 44:    0,00   0,00   0,00   0,00   0,00   0,00   0,00   0,00 
From state 45:    0,00   0,00   0,00   0,00   0,00   0,00   0,00   0,00 
From state 46:    0,00   0,00   0,00   0,00   0,00   0,00   0,00   0,00 
From state 47:    0,00   0,00   0,00   0,00   0,00   0,00   0,00   0,00 
From state 48:    0,00   0,00   0,00   0,00   0,00   0,00   0,00   0,00 
From state 49:    0,00   0,00   0,00   0,00   0,00   0,00   0,00   0,00 
From state 50:    0,00   0,00   0,00   0,00   0,00   0,00   0,00   0,00 
From state 51:    0,00   0,00   0,00   0,00   0,00   0,00   0,00   0,00 
From state 52:    0,00   0,00   0,00   0,00   0,00   0,00   0,00   0,00 
From state 53:    0,00   0,00   0,00   0,00   0,00   0,00   0,00   0,00 
From state 54:    0,00   0,00   0,00   0,00   0,00   0,00   0,00   0,00 
From state 55:    0,00   0,00   0,00   0,00   0,00   0,00   0,00   0,00 
From state 56:    0,00   0,00   0,00   0,00   0,00   0,00   0,00   0,00 
From state 57:    0,00   0,00   0,00   0,00   0,00   0,00   0,00   0,00 
From state 58:    0,00   0,00   0,00   0,00   0,00   0,00   0,00   0,00 
From state 59:    0,00   0,00   0,00   0,00   0,00   0,00   0,00   0,00 
From state 60:    0,00   0,00   0,00   0,00   0,00   0,00   0,00   0,00 
From state 61:    0,00   0,00   0,00   0,00   0,00   0,00   0,00   0,00 
From state 62:    0,00   0,00   0,00   0,00   0,00   0,00   0,00   0,00 
From state 63:    0,00   0,00   0,00   0,00   0,00   0,00   0,00   0,00 
From state 64:    0,00   0,00   0,00   0,00   0,00   0,00   0,00   0,00 
From state 65:    0,00   0,00   0,00   0,00   0,00   0,00   0,00   0,00 
From state 66:    0,00   0,00   0,00   0,00   0,00   0,00   0,00   0,00 
From state 67:    0,00   0,00   0,00   0,00   0,00   0,00   0,00   0,00 
From state 68:    0,00   0,00   0,00   0,00   0,00   0,00   0,00   0,00 
From state 69:    0,00   0,00   0,00   0,00   0,00   0,00   0,00   0,00 
From state 70:    0,00   0,00   0,00   0,00   0,00   0,00   0,00   0,00 
From state 71:    0,00   0,00   0,00   0,00   0,00   0,00   0,00   0,00 
From state 72:    0,00   0,00   0,00   0,00   0,00   0,00   0,00   0,00 
From state 73:    0,00   0,00   0,00   0,00   0,00   0,00   0,00   0,00 
From state 74:    0,00   0,00   0,00   0,00   0,00   0,00   0,00   0,00 
From state 75:    0,00   0,00   0,00   0,00   0,00   0,00   0,00   0,00 
From state 76:    0,00   0,00   0,00   0,00   0,00   0,00   0,00   0,00 
From state 77:    0,00   0,00   0,00   0,00   0,00   0,00   0,00   0,00 
From state 78:    0,00   0,00   0,00   0,00   0,00   0,00   0,00   0,00 
From state 79:    0,00   0,00   0,00   0,00   0,00   0,00   0,00   0,00 
From state 80:    0,00   0,00   0,00   0,00   0,00   0,00   0,00   0,00 
From state 81:    0,00   0,00   0,00   0,00   0,00   0,00   0,00   0,00 
From state 82:    0,00   0,00   0,00   0,00   0,00   0,00   0,00   0,00 
From state 83:    0,00   0,00   0,00   0,00   0,00   0,00   0,00   0,00 
From state 84:    0,00   0,00   0,00   0,00   0,00   0,00   0,00   0,00 
From state 85:    0,00   0,00   0,00   0,00   0,00   0,00   0,00   0,00 
From state 86:    0,00   0,00   0,00   0,00   0,00   0,00   0,00   0,00 
From state 87:    0,00   0,00   0,00   0,00   0,00   0,00   0,00   0,00 
From state 88:    0,00   0,00   0,00   0,00   0,00   0,00   0,00   0,00 
From state 89:    0,00   0,00   0,00   0,00   0,00   0,00   0,00   0,00 
From state 90:    0,00   0,00   0,00   0,00   0,00   0,00   0,00   0,00 
From state 91:    0,00   0,00   0,00   0,00   0,00   0,00   0,00   0,00 
From state 92:    0,00   0,00   0,00   0,00   0,00   0,00   0,00   0,00 
From state 93:    0,00   0,00   0,00   0,00   0,00   0,00   0,00   0,00 
From state 94:    0,00   0,00   0,00   0,00   0,00   0,00   0,00   0,00 
From state 95:    0,00   0,00   0,00   0,00   0,00   0,00   0,00   0,00 
From state 96:    0,00   0,00   0,00   0,00   0,00   0,00   0,00   0,00 
From state 97:    0,00   0,00   0,00   0,00   0,00   0,00   0,00   0,00 
From state 98:    0,00   0,00   0,00   0,00   0,00   0,00   0,00   0,00 
From state 99:    0,00   0,00   0,00   0,00   0,00   0,00   0,00   0,00 
From state 100:    0,00   0,00   0,00   0,00   0,00   0,00   0,00   0,00 
From state 101:    0,00   0,00   0,00   0,00   0,00   0,00   0,00   0,00 
From state 102:    0,00   0,00   0,00   0,00   0,00   0,00   0,00   0,00 
From state 103:    0,00   0,00   0,00   0,00   0,00   0,00   0,00   0,00 
From state 104:    0,00   0,00   0,00   0,00   0,00   0,00   0,00   0,00 
From state 105:    0,00   0,00   0,00   0,00   0,00   0,00   0,00   0,00 
From state 106:    0,00   0,00   0,00   0,00   0,00   0,00   0,00   0,00 
From state 107:    0,00   0,00   0,00   0,00   0,00   0,00   0,00   0,00 
From state 108:    0,00   0,00   0,00   0,00   0,00   0,00   0,00   0,00 
From state 109:    0,00   0,00   0,00   0,00   0,00   0,00   0,00   0,00 
From state 110:    0,00   0,00   0,00   0,00   0,00   0,00   0,00   0,00 
From state 111:    0,00   0,00   0,00   0,00   0,00   0,00   0,00   0,00 
From state 112:    0,00   0,00   0,00   0,00   0,00   0,00   0,00   0,00 
From state 113:    0,00   0,00   0,00   0,00   0,00   0,00   0,00   0,00 
From state 114:    0,00   0,00   0,00   0,00   0,00   0,00   0,00   0,00 
From state 115:    0,00   0,00   0,00   0,00   0,00   0,00   0,00   0,00 
From state 116:    0,00   0,00   0,00   0,00   0,00   0,00   0,00   0,00 
From state 117:    0,00   0,00   0,00   0,00   0,00   0,00   0,00   0,00 
From state 118:    0,00   0,00   0,00   0,00   0,00   0,00   0,00   0,00 
From state 119:    0,00   0,00   0,00   0,00   0,00   0,00   0,00   0,00 
From state 120:    0,00   0,00   0,00   0,00   0,00   0,00   0,00   0,00 
From state 121:    0,00   0,00   0,00   0,00   0,00   0,00   0,00   0,00 
From state 122:    0,00   0,00   0,00   0,00   0,00   0,00   0,00   0,00 
From state 123:    0,00   0,00   0,00   0,00   0,00   0,00   0,00   0,00 
From state 124:    0,00   0,00   0,00   0,00   0,00   0,00   0,00   0,00 
From state 125:    0,00   0,00   0,00   0,00   0,00   0,00   0,00   0,00 
From state 126:    0,00   0,00   0,00   0,00   0,00   0,00   0,00   0,00 
From state 127:    0,00   0,00   0,00   0,00   0,00   0,00   0,00   0,00 
From state 128:    0,00   0,00   0,00   0,00   0,00   0,00   0,00   0,00 
From state 129:    0,00   0,00   0,00   0,00   0,00   0,00   0,00   0,00 
From state 130:    0,00   0,00   0,00   0,00   0,00   0,00   0,00   0,00 
From state 131:    0,00   0,00   0,00   0,00   0,00   0,00   0,00   0,00 
From state 132:    0,00   0,00   0,00   0,00   0,00   0,00   0,00   0,00 
From state 133:    0,00   0,00   0,00   0,00   0,00   0,00   0,00   0,00 
From state 134:    0,00   0,00   0,00   0,00   0,00   0,00   0,00   0,00 
From state 135:    0,00   0,00   0,00   0,00   0,00   0,00   0,00   0,00 
From state 136:    0,00   0,00   0,00   0,00   0,00   0,00   0,00   0,00 
From state 137:    0,00   0,00   0,00   0,00   0,00   0,00   0,00   0,00 
From state 138:    0,00   0,00   0,00   0,00   0,00   0,00   0,00   0,00 
From state 139:    0,00   0,00   0,00   0,00   0,00   0,00   0,00   0,00 
From state 140:    0,00   0,00   0,00   0,00   0,00   0,00   0,00   0,00 
From state 141:    0,00   0,00   0,00   0,00   0,00   0,00   0,00   0,00 
From state 142:    0,00   0,00   0,00   0,00   0,00   0,00   0,00   0,00 
From state 143:    0,00   0,00   0,00   0,00   0,00   0,00   0,00   0,00 
From state 144:    0,00   0,00   0,00   0,00   0,00   0,00   0,00   0,00 
From state 145:    0,00   0,00   0,00   0,00   0,00   0,00   0,00   0,00 
From state 146:    0,00   0,00   0,00   0,00   0,00   0,00   0,00   0,00 
From state 147:    0,00   0,00   0,00   0,00   0,00   0,00   0,00   0,00 
From state 148:    0,00   0,00   0,00   0,00   0,00   0,00   0,00   0,00 
From state 149:    0,00   0,00   0,00   0,00   0,00   0,00   0,00   0,00 
From state 150:    0,00   0,00   0,00   0,00   0,00   0,00   0,00   0,00 
From state 151:    0,00   0,00   0,00   0,00   0,00   0,00   0,00   0,00 
From state 152:    0,00   0,00   0,00   0,00   0,00   0,00   0,00   0,00 
From state 153:    0,00   0,00   0,00   0,00   0,00   0,00   0,00   0,00 
From state 154:    0,00   0,00   0,00   0,00   0,00   0,00   0,00   0,00 
From state 155:    0,00   0,00   0,00   0,00   0,00   0,00   0,00   0,00 
From state 156:    0,00   0,00   0,00   0,00   0,00   0,00   0,00   0,00 
From state 157:    0,00   0,00   0,00   0,00   0,00   0,00   0,00   0,00 
From state 158:    0,00   0,00   0,00   0,00   0,00   0,00   0,00   0,00 
From state 159:    0,00   0,00   0,00   0,00   0,00   0,00   0,00   0,00 
From state 160:    0,00   0,00   0,00   0,00   0,00   0,00   0,00   0,00 
From state 161:    0,00   0,00   0,00   0,00   0,00   0,00   0,00   0,00 
From state 162:    0,00   0,00   0,00   0,00   0,00   0,00   0,00   0,00 
From state 163:    0,00   0,00   0,00   0,00   0,00   0,00   0,00   0,00 
From state 164:    0,00   0,00   0,00   0,00   0,00   0,00   0,00   0,00 
From state 165:    0,00   0,00   0,00   0,00   0,00   0,00   0,00   0,00 
From state 166:    0,00   0,00   0,00   0,00   0,00   0,00   0,00   0,00 
From state 167:    0,00   0,00   0,00   0,00   0,00   0,00   0,00   0,00 
From state 168:    0,00   0,00   0,00   0,00   0,00   0,00   0,00   0,00 
From state 169:    0,00   0,00   0,00   0,00   0,00   0,00   0,00   0,00 
From state 170:    0,00   0,00   0,00   0,00   0,00   0,00   0,00   0,00 
From state 171:    0,00   0,00   0,00   0,00   0,00   0,00   0,00   0,00 
From state 172:    0,00   0,00   0,00   0,00   0,00   0,00   0,00   0,00 
From state 173:    0,00   0,00   0,00   0,00   0,00   0,00   0,00   0,00 
From state 174:    0,00   0,00   0,00   0,00   0,00   0,00   0,00   0,00 
From state 175:    0,00   0,00   0,00   0,00   0,00   0,00   0,00   0,00 
From state 176:    0,00   0,00   0,00   0,00   0,00   0,00   0,00   0,00 
From state 177:    0,00   0,00   0,00   0,00   0,00   0,00   0,00   0,00 
From state 178:    0,00   0,00   0,00   0,00   0,00   0,00   0,00   0,00 
From state 179:    0,00   0,00   0,00   0,00   0,00   0,00   0,00   0,00 
From state 180:    0,00   0,00   0,00   0,00   0,00   0,00   0,00   0,00 
From state 181:    0,00   0,00   0,00   0,00   0,00   0,00   0,00   0,00 
From state 182:    0,00   0,00   0,00   0,00   0,00   0,00   0,00   0,00 
From state 183:    0,00   0,00   0,00   0,00   0,00   0,00   0,00   0,00 
From state 184:    0,00   0,00   0,00   0,00   0,00   0,00   0,00   0,00 
From state 185:    0,00   0,00   0,00   0,00   0,00   0,00   0,00   0,00 
From state 186:    0,00   0,00   0,00   0,00   0,00   0,00   0,00   0,00 
From state 187:    0,00   0,00   0,00   0,00   0,00   0,00   0,00   0,00 
From state 188:    0,00   0,00   0,00   0,00   0,00   0,00   0,00   0,00 
From state 189:    0,00   0,00   0,00   0,00   0,00   0,00   0,00   0,00 
From state 190:    0,00   0,00   0,00   0,00   0,00   0,00   0,00   0,00 
From state 191:    0,00   0,00   0,00   0,00   0,00   0,00   0,00   0,00 
From state 192:    0,00   0,00   0,00   0,00   0,00   0,00   0,00   0,00 
From state 193:    0,00   0,00   0,00   0,00   0,00   0,00   0,00   0,00 
From state 194:    0,00   0,00   0,00   0,00   0,00   0,00   0,00   0,00 
From state 195:    0,00   0,00   0,00   0,00   0,00   0,00   0,00   0,00 
From state 196:    0,00   0,00   0,00   0,00   0,00   0,00   0,00   0,00 
From state 197:    0,00   0,00   0,00   0,00   0,00   0,00   0,00   0,00 
From state 198:    0,00   0,00   0,00   0,00   0,00   0,00   0,00   0,00 
From state 199:    0,00   0,00   0,00   0,00   0,00   0,00   0,00   0,00 
From state 200:    0,00   0,00   0,00   0,00   0,00   0,00   0,00   0,00 
From state 201:    0,00   0,00   0,00   0,00   0,00   0,00   0,00   0,00 
From state 202:    0,00   0,00   0,00   0,00   0,00   0,00   0,00   0,00 
From state 203:    0,00   0,00   0,00   0,00   0,00   0,00   0,00   0,00 
From state 204:    0,00   0,00   0,00   0,00   0,00   0,00   0,00   0,00 
From state 205:    0,00   0,00   0,00   0,00   0,00   0,00   0,00   0,00 
From state 206:    0,00   0,00   0,00   0,00   0,00   0,00   0,00   0,00 
From state 207:    0,00   0,00   0,00   0,00   0,00   0,00   0,00   0,00 
From state 208:    0,00   0,00   0,00   0,00   0,00   0,00   0,00   0,00 
From state 209:    0,00   0,00   0,00   0,00   0,00   0,00   0,00   0,00 
From state 210:    0,00   0,00   0,00   0,00   0,00   0,00   0,00   0,00 
From state 211:    0,00   0,00   0,00   0,00   0,00   0,00   0,00   0,00 
From state 212:    0,00   0,00   0,00   0,00   0,00   0,00   0,00   0,00 
From state 213:    0,00   0,00   0,00   0,00   0,00   0,00   0,00   0,00 
From state 214:    0,00   0,00   0,00   0,00   0,00   0,00   0,00   0,00 
From state 215:    0,00   0,00   0,00   0,00   0,00   0,00   0,00   0,00 
From state 216:    0,00   0,00   0,00   0,00   0,00   0,00   0,00   0,00 
From state 217:    0,00   0,00   0,00   0,00   0,00   0,00   0,00   0,00 
From state 218:    0,00   0,00   0,00   0,00   0,00   0,00   0,00   0,00 
From state 219:    0,00   0,00   0,00   0,00   0,00   0,00   0,00   0,00 
From state 220:    0,00   0,00   0,00   0,00   0,00   0,00   0,00   0,00 
From state 221:    0,00   0,00   0,00   0,00   0,00   0,00   0,00   0,00 
From state 222:    0,00   0,00   0,00   0,00   0,00   0,00   0,00   0,00 
From state 223:    0,00   0,00   0,00   0,00   0,00   0,00   0,00   0,00 
From state 224:    0,00   0,00   0,00   0,00   0,00   0,00   0,00   0,00 
From state 225:    0,00   0,00   0,00   0,00   0,00   0,00   0,00   0,00 
From state 226:    0,00   0,00   0,00   0,00   0,00   0,00   0,00   0,00 
From state 227:    0,00   0,00   0,00   0,00   0,00   0,00   0,00   0,00 
From state 228:    0,00   0,00   0,00   0,00   0,00   0,00   0,00   0,00 
From state 229:    0,00   0,00   0,00   0,00   0,00   0,00   0,00   0,00 
From state 230:    0,00   0,00   0,00   0,00   0,00   0,00   0,00   0,00 
From state 231:    0,00   0,00   0,00   0,00   0,00   0,00   0,00   0,00 
From state 232:    0,00   0,00   0,00   0,00   0,00   0,00   0,00   0,00 
From state 233:    0,00   0,00   0,00   0,00   0,00   0,00   0,00   0,00 
From state 234:    0,00   0,00   0,00   0,00   0,00   0,00   0,00   0,00 
From state 235:    0,00   0,00   0,00   0,00   0,00   0,00   0,00   0,00 
From state 236:    0,00   0,00   0,00   0,00   0,00   0,00   0,00   0,00 
From state 237:    0,00   0,00   0,00   0,00   0,00   0,00   0,00   0,00 
From state 238:    0,00   0,00   0,00   0,00   0,00   0,00   0,00   0,00 
From state 239:    0,00   0,00   0,00   0,00   0,00   0,00   0,00   0,00 
From state 240:    0,00   0,00   0,00   0,00   0,00   0,00   0,00   0,00 
From state 241:    0,00   0,00   0,00   0,00   0,00   0,00   0,00   0,00 
From state 242:    0,00   0,00   0,00   0,00   0,00   0,00   0,00   0,00 
From state 243:    0,00   0,00   0,00   0,00   0,00   0,00   0,00   0,00 
From state 244:    0,00   0,00   0,00   0,00   0,00   0,00   0,00   0,00 
From state 245:    0,00   0,00   0,00   0,00   0,00   0,00   0,00   0,00 
From state 246:    0,00   0,00   0,00   0,00   0,00   0,00   0,00   0,00 
From state 247:    0,00   0,00   0,00   0,00   0,00   0,00   0,00   0,00 
From state 248:    0,00   0,00   0,00   0,00   0,00   0,00   0,00   0,00 
From state 249:    0,00   0,00   0,00   0,00   0,00   0,00   0,00   0,00 
From state 250:    0,00   0,00   0,00   0,00   0,00   0,00   0,00   0,00 
From state 251:    0,00   0,00   0,00   0,00   0,00   0,00   0,00   0,00 
From state 252:    0,00   0,00   0,00   0,00   0,00   0,00   0,00   0,00 
From state 253:    0,00   0,00   0,00   0,00   0,00   0,00   0,00   0,00 
From state 254:    0,00   0,00   0,00   0,00   0,00   0,00   0,00   0,00 
From state 255:    0,00   0,00   0,00   0,00   0,00   0,00   0,00   0,00 
From state 256:    0,00   0,00   0,00   0,00   0,00   0,00   0,00   0,00 
From state 257:    0,00   0,00   0,00   0,00   0,00   0,00   0,00   0,00 
From state 258:    0,00   0,00   0,00   0,00   0,00   0,00   0,00   0,00 
From state 259:    0,00   0,00   0,00   0,00   0,00   0,00   0,00   0,00 
From state 260:    0,00   0,00   0,00   0,00   0,00   0,00   0,00   0,00 
From state 261:    0,00   0,00   0,00   0,00   0,00   0,00   0,00   0,00 
From state 262:    0,00   0,00   0,00   0,00   0,00   0,00   0,00   0,00 
From state 263:    0,00   0,00   0,00   0,00   0,00   0,00   0,00   0,00 
From state 264:    0,00   0,00   0,00   0,00   0,00   0,00   0,00   0,00 
From state 265:    0,00   0,00   0,00   0,00   0,00   0,00   0,00   0,00 
From state 266:    0,00   0,00   0,00   0,00   0,00   0,00   0,00   0,00 
From state 267:    0,00   0,00   0,00   0,00   0,00   0,00   0,00   0,00 
From state 268:    0,00   0,00   0,00   0,00   0,00   0,00   0,00   0,00 
From state 269:    0,00   0,00   0,00   0,00   0,00   0,00   0,00   0,00 
From state 270:    0,00   0,00   0,00   0,00   0,00   0,00   0,00   0,00 
From state 271:    0,00   0,00   0,00   0,00   0,00   0,00   0,00   0,00 
From state 272:    0,00   0,00   0,00   0,00   0,00   0,00   0,00   0,00 
From state 273:    0,00   0,00   0,00   0,00   0,00   0,00   0,00   0,00 
From state 274:    0,00   0,00   0,00   0,00   0,00   0,00   0,00   0,00 
From state 275:    0,00   0,00   0,00   0,00   0,00   0,00   0,00   0,00 
From state 276:    0,00   0,00   0,00   0,00   0,00   0,00   0,00   0,00 
From state 277:    0,00   0,00   0,00   0,00   0,00   0,00   0,00   0,00 
From state 278:    0,00   0,00   0,00   0,00   0,00   0,00   0,00   0,00 
From state 279:    0,00   0,00   0,00   0,00   0,00   0,00   0,00   0,00 
From state 280:    0,00   0,00   0,00   0,00   0,00   0,00   0,00   0,00 
From state 281:    0,00   0,00   0,00   0,00   0,00   0,00   0,00   0,00 
From state 282:    0,00   0,00   0,00   0,00   0,00   0,00   0,00   0,00 
From state 283:    0,00   0,00   0,00   0,00   0,00   0,00   0,00   0,00 
From state 284:    0,00   0,00   0,00   0,00   0,00   0,00   0,00   0,00 
From state 285:    0,00   0,00   0,00   0,00   0,00   0,00   0,00   0,00 
From state 286:    0,00   0,00   0,00   0,00   0,00   0,00   0,00   0,00 
From state 287:    0,00   0,00   0,00   0,00   0,00   0,00   0,00   0,00 
From state 288:    0,00   0,00   0,00   0,00   0,00   0,00   0,00   0,00 
From state 289:    0,00   0,00   0,00   0,00   0,00   0,00   0,00   0,00 
From state 290:    0,00   0,00   0,00   0,00   0,00   0,00   0,00   0,00 
From state 291:    0,00   0,00   0,00   0,00   0,00   0,00   0,00   0,00 
From state 292:    0,00   0,00   0,00   0,00   0,00   0,00   0,00   0,00 
From state 293:    0,00   0,00   0,00   0,00   0,00   0,00   0,00   0,00 
From state 294:    0,00   0,00   0,00   0,00   0,00   0,00   0,00   0,00 
From state 295:    0,00   0,00   0,00   0,00   0,00   0,00   0,00   0,00 
From state 296:    0,00   0,00   0,00   0,00   0,00   0,00   0,00   0,00 
From state 297:    0,00   0,00   0,00   0,00   0,00   0,00   0,00   0,00 
From state 298:    0,00   0,00   0,00   0,00   0,00   0,00   0,00   0,00 
From state 299:    0,00   0,00   0,00   0,00   0,00   0,00   0,00   0,00 
From state 300:    0,00   0,00   0,00   0,00   0,00   0,00   0,00   0,00 
From state 301:    0,00   0,00   0,00   0,00   0,00   0,00   0,00   0,00 
From state 302:    0,00   0,00   0,00   0,00   0,00   0,00   0,00   0,00 
From state 303:    0,00   0,00   0,00   0,00   0,00   0,00   0,00   0,00 
From state 304:    0,00   0,00   0,00   0,00   0,00   0,00   0,00   0,00 
From state 305:    0,00   0,00   0,00   0,00   0,00   0,00   0,00   0,00 
From state 306:    0,00   0,00   0,00   0,00   0,00   0,00   0,00   0,00 
From state 307:    0,00   0,00   0,00   0,00   0,00   0,00   0,00   0,00 
From state 308:    0,00   0,00   0,00   0,00   0,00   0,00   0,00   0,00 
From state 309:    0,00   0,00   0,00   0,00   0,00   0,00   0,00   0,00 
From state 310:    0,00   0,00   0,00   0,00   0,00   0,00   0,00   0,00 
From state 311:    0,00   0,00   0,00   0,00   0,00   0,00   0,00   0,00 
From state 312:    0,00   0,00   0,00   0,00   0,00   0,00   0,00   0,00 
From state 313:    0,00   0,00   0,00   0,00   0,00   0,00   0,00   0,00 
From state 314:    0,00   0,00   0,00   0,00   0,00   0,00   0,00   0,00 
From state 315:    0,00   0,00   0,00   0,00   0,00   0,00   0,00   0,00 
From state 316:    0,00   0,00   0,00   0,00   0,00   0,00   0,00   0,00 
From state 317:    0,00   0,00   0,00   0,00   0,00   0,00   0,00   0,00 
From state 318:    0,00   0,00   0,00   0,00   0,00   0,00   0,00   0,00 
From state 319:    0,00   0,00   0,00   0,00   0,00   0,00   0,00   0,00 
From state 320:    0,00   0,00   0,00   0,00   0,00   0,00   0,00   0,00 
From state 321:    0,00   0,00   0,00   0,00   0,00   0,00   0,00   0,00 
From state 322:    0,00   0,00   0,00   0,00   0,00   0,00   0,00   0,00 
From state 323:    0,00   0,00   0,00   0,00   0,00   0,00   0,00   0,00 
From state 324:    0,00   0,00   0,00   0,00   0,00   0,00   0,00   0,00 
From state 325:    0,00   0,00   0,00   0,00   0,00   0,00   0,00   0,00 
From state 326:    0,00   0,00   0,00   0,00   0,00   0,00   0,00   0,00 
From state 327:    0,00   0,00   0,00   0,00   0,00   0,00   0,00   0,00 
From state 328:    0,00   0,00   0,00   0,00   0,00   0,00   0,00   0,00 
From state 329:    0,00   0,00   0,00   0,00   0,00   0,00   0,00   0,00 
From state 330:    0,00   0,00   0,00   0,00   0,00   0,00   0,00   0,00 
From state 331:    0,00   0,00   0,00   0,00   0,00   0,00   0,00   0,00 
From state 332:    0,00   0,00   0,00   0,00   0,00   0,00   0,00   0,00 
From state 333:    0,00   0,00   0,00   0,00   0,00   0,00   0,00   0,00 
From state 334:    0,00   0,00   0,00   0,00   0,00   0,00   0,00   0,00 
From state 335:    0,00   0,00   0,00   0,00   0,00   0,00   0,00   0,00 
From state 336:    0,00   0,00   0,00   0,00   0,00   0,00   0,00   0,00 
From state 337:    0,00   0,00   0,00   0,00   0,00   0,00   0,00   0,00 
From state 338:    0,00   0,00   0,00   0,00   0,00   0,00   0,00   0,00 
From state 339:    0,00   0,00   0,00   0,00   0,00   0,00   0,00   0,00 
From state 340:    0,00   0,00   0,00   0,00   0,00   0,00   0,00   0,00 
From state 341:    0,00   0,00   0,00   0,00   0,00   0,00   0,00   0,00 
From state 342:    0,00   0,00   0,00   0,00   0,00   0,00   0,00   0,00 
From state 343:    0,00   0,00   0,00   0,00   0,00   0,00   0,00   0,00 
From state 344:    0,00   0,00   0,00   0,00   0,00   0,00   0,00   0,00 
From state 345:    0,00   0,00   0,00   0,00   0,00   0,00   0,00   0,00 
From state 346:    0,00   0,00   0,00   0,00   0,00   0,00   0,00   0,00 
From state 347:    0,00   0,00   0,00   0,00   0,00   0,00   0,00   0,00 
From state 348:    0,00   0,00   0,00   0,00   0,00   0,00   0,00   0,00 
From state 349:    0,00   0,00   0,00   0,00   0,00   0,00   0,00   0,00 
From state 350:    0,00   0,00   0,00   0,00   0,00   0,00   0,00   0,00 
From state 351:    0,00   0,00   0,00   0,00   0,00   0,00   0,00   0,00 
From state 352:    0,00   0,00   0,00   0,00   0,00   0,00   0,00   0,00 
From state 353:    0,00   0,00   0,00   0,00   0,00   0,00   0,00   0,00 
From state 354:    0,00   0,00   0,00   0,00   0,00   0,00   0,00   0,00 
From state 355:    0,00   0,00   0,00   0,00   0,00   0,00   0,00   0,00 
From state 356:    0,00   0,00   0,00   0,00   0,00   0,00   0,00   0,00 
From state 357:    0,00   0,00   0,00   0,00   0,00   0,00   0,00   0,00 
From state 358:    0,00   0,00   0,00   0,00   0,00   0,00   0,00   0,00 
From state 359:    0,00   0,00   0,00   0,00   0,00   0,00   0,00   0,00 
From state 360:    0,00   0,00   0,00   0,00   0,00   0,00   0,00   0,00 
From state 361:    0,00   0,00   0,00   0,00   0,00   0,00   0,00   0,00 
From state 362:    0,00   0,00   0,00   0,00   0,00   0,00   0,00   0,00 
From state 363:    0,00   0,00   0,00   0,00   0,00   0,00   0,00   0,00 
From state 364:    0,00   0,00   0,00   0,00   0,00   0,00   0,00   0,00 
From state 365:    0,00   0,00   0,00   0,00   0,00   0,00   0,00   0,00 
From state 366:    0,00   0,00   0,00   0,00   0,00   0,00   0,00   0,00 
From state 367:    0,00   0,00   0,00   0,00   0,00   0,00   0,00   0,00 
From state 368:    0,00   0,00   0,00   0,00   0,00   0,00   0,00   0,00 
From state 369:    0,00   0,00   0,00   0,00   0,00   0,00   0,00   0,00 
From state 370:    0,00   0,00   0,00   0,00   0,00   0,00   0,00   0,00 
From state 371:    0,00   0,00   0,00   0,00   0,00   0,00   0,00   0,00 
From state 372:    0,00   0,00   0,00   0,00   0,00   0,00   0,00   0,00 
From state 373:    0,00   0,00   0,00   0,00   0,00   0,00   0,00   0,00 
From state 374:    0,00   0,00   0,00   0,00   0,00   0,00   0,00   0,00 
From state 375:    0,00   0,00   0,00   0,00   0,00   0,00   0,00   0,00 
From state 376:    0,00   0,00   0,00   0,00   0,00   0,00   0,00   0,00 
From state 377:    0,00   0,00   0,00   0,00   0,00   0,00   0,00   0,00 
From state 378:    0,00   0,00   0,00   0,00   0,00   0,00   0,00   0,00 
From state 379:    0,00   0,00   0,00   0,00   0,00   0,00   0,00   0,00 
From state 380:    0,00   0,00   0,00   0,00   0,00   0,00   0,00   0,00 
From state 381:    0,00   0,00   0,00   0,00   0,00   0,00   0,00   0,00 
From state 382:    0,00   0,00   0,00   0,00   0,00   0,00   0,00   0,00 
From state 383:    0,00   0,00   0,00   0,00   0,00   0,00   0,00   0,00 
From state 384:    0,00   0,00   0,00   0,00   0,00   0,00   0,00   0,00 
From state 385:    0,00   0,00   0,00   0,00   0,00   0,00   0,00   0,00 
From state 386:    0,00   0,00   0,00   0,00   0,00   0,00   0,00   0,00 
From state 387:    0,00   0,00   0,00   0,00   0,00   0,00   0,00   0,00 
From state 388:    0,00   0,00   0,00   0,00   0,00   0,00   0,00   0,00 
From state 389:    0,00   0,00   0,00   0,00   0,00   0,00   0,00   0,00 
From state 390:    0,00   0,00   0,00   0,00   0,00   0,00   0,00   0,00 
From state 391:    0,00   0,00   0,00   0,00   0,00   0,00   0,00   0,00 
From state 392:    0,00   0,00   0,00   0,00   0,00   0,00   0,00   0,00 
From state 393:    0,00   0,00   0,00   0,00   0,00   0,00   0,00   0,00 
From state 394:    0,00   0,00   0,00   0,00   0,00   0,00   0,00   0,00 
From state 395:    0,00   0,00   0,00   0,00   0,00   0,00   0,00   0,00 
From state 396:    0,00   0,00   0,00   0,00   0,00   0,00   0,00   0,00 
From state 397:    0,00   0,00   0,00   0,00   0,00   0,00   0,00   0,00 
From state 398:    0,00   0,00   0,00   0,00   0,00   0,00   0,00   0,00 
From state 399:    0,00   0,00   0,00   0,00   0,00   0,00   0,00   0,00 
From state 400:    0,00   0,00   0,00   0,00   0,00   0,00   0,00   0,00 
From state 401:    0,00   0,00   0,00   0,00   0,00   0,00   0,00   0,00 
From state 402:    0,00   0,00   0,00   0,00   0,00   0,00   0,00   0,00 
From state 403:    0,00   0,00   0,00   0,00   0,00   0,00   0,00   0,00 
From state 404:    0,00   0,00   0,00   0,00   0,00   0,00   0,00   0,00 
From state 405:    0,00   0,00   0,00   0,00   0,00   0,00   0,00   0,00 
From state 406:    0,00   0,00   0,00   0,00   0,00   0,00   0,00   0,00 
From state 407:    0,00   0,00   0,00   0,00   0,00   0,00   0,00   0,00 
From state 408:    0,00   0,00   0,00   0,00   0,00   0,00   0,00   0,00 
From state 409:    0,00   0,00   0,00   0,00   0,00   0,00   0,00   0,00 
From state 410:    0,00   0,00   0,00   0,00   0,00   0,00   0,00   0,00 
From state 411:    0,00   0,00   0,00   0,00   0,00   0,00   0,00   0,00 
From state 412:    0,00   0,00   0,00   0,00   0,00   0,00   0,00   0,00 
From state 413:    0,00   0,00   0,00   0,00   0,00   0,00   0,00   0,00 
From state 414:    0,00   0,00   0,00   0,00   0,00   0,00   0,00   0,00 
From state 415:    0,00   0,00   0,00   0,00   0,00   0,00   0,00   0,00 
From state 416:    0,00   0,00   0,00   0,00   0,00   0,00   0,00   0,00 
From state 417:    0,00   0,00   0,00   0,00   0,00   0,00   0,00   0,00 
From state 418:    0,00   0,00   0,00   0,00   0,00   0,00   0,00   0,00 
From state 419:    0,00   0,00   0,00   0,00   0,00   0,00   0,00   0,00 
From state 420:    0,00   0,00   0,00   0,00   0,00   0,00   0,00   0,00 
From state 421:    0,00   0,00   0,00   0,00   0,00   0,00   0,00   0,00 
From state 422:    0,00   0,00   0,00   0,00   0,00   0,00   0,00   0,00 
From state 423:    0,00   0,00   0,00   0,00   0,00   0,00   0,00   0,00 
From state 424:    0,00   0,00   0,00   0,00   0,00   0,00   0,00   0,00 
From state 425:    0,00   0,00   0,00   0,00   0,00   0,00   0,00   0,00 
From state 426:    0,00   0,00   0,00   0,00   0,00   0,00   0,00   0,00 
From state 427:    0,00   0,00   0,00   0,00   0,00   0,00   0,00   0,00 
From state 428:    0,00   0,00   0,00   0,00   0,00   0,00   0,00   0,00 
From state 429:    0,00   0,00   0,00   0,00   0,00   0,00   0,00   0,00 
From state 430:    0,00   0,00   0,00   0,00   0,00   0,00   0,00   0,00 
From state 431:    0,00   0,00   0,00   0,00   0,00   0,00   0,00   0,00 
From state 432:    0,00   0,00   0,00   0,00   0,00   0,00   0,00   0,00 
From state 433:    0,00   0,00   0,00   0,00   0,00   0,00   0,00   0,00 
From state 434:    0,00   0,00   0,00   0,00   0,00   0,00   0,00   0,00 
From state 435:    0,00   0,00   0,00   0,00   0,00   0,00   0,00   0,00 
From state 436:    0,00   0,00   0,00   0,00   0,00   0,00   0,00   0,00 
From state 437:    0,00   0,00   0,00   0,00   0,00   0,00   0,00   0,00 
From state 438:    0,00   0,00   0,00   0,00   0,00   0,00   0,00   0,00 
From state 439:    0,00   0,00   0,00   0,00   0,00   0,00   0,00   0,00 
From state 440:    0,00   0,00   0,00   0,00   0,00   0,00   0,00   0,00 
From state 441:    0,00   0,00   0,00   0,00   0,00   0,00   0,00   0,00 
From state 442:    0,00   0,00   0,00   0,00   0,00   0,00   0,00   0,00 
From state 443:    0,00   0,00   0,00   0,00   0,00   0,00   0,00   0,00 
From state 444:    0,00   0,00   0,00   0,00   0,00   0,00   0,00   0,00 
From state 445:    0,00   0,00   0,00   0,00   0,00   0,00   0,00   0,00 
From state 446:    0,00   0,00   0,00   0,00   0,00   0,00   0,00   0,00 
From state 447:    0,00   0,00   0,00   0,00   0,00   0,00   0,00   0,00 
From state 448:    0,00   0,00   0,00   0,00   0,00   0,00   0,00   0,00 
From state 449:    0,00   0,00   0,00   0,00   0,00   0,00   0,00   0,00 
From state 450:    0,00 -37,50   0,00 -43,75   0,00  -0,98   0,00  -0,97 
From state 451:    0,00   0,00   0,00   0,00   0,00   0,00   0,00   0,00 
From state 452:    0,00   0,00   0,00   0,00   0,00   0,00   0,00   0,00 
From state 453:    0,00   0,00   0,00   0,00   0,00   0,00   0,00   0,00 
From state 454:    0,00 -46,88   0,00 -37,50   0,00  -0,75   0,00   0,00 
From state 455:    0,00   0,00   0,00   0,00   0,00   0,00   0,00   0,00 
From state 456:    0,00   0,00   0,00   0,00   0,00   0,00   0,00   0,00 
From state 457:    0,00   0,00   0,00   0,00   0,00   0,00   0,00   0,00 
From state 458:    0,00 -25,00   0,00 -25,00   0,00   0,00   0,00   0,00 
From state 459:    0,00   0,00   0,00   0,00   0,00   0,00   0,00   0,00 
From state 460:    0,00   0,00   0,00   0,00   0,00   0,00   0,00   0,00 
From state 461:    0,00   0,00   0,00   0,00   0,00   0,00   0,00   0,00 
From state 462:    0,00 -25,00   0,00 -25,00   0,00   0,00   0,00   0,00 
From state 463:    0,00   0,00   0,00   0,00   0,00   0,00   0,00   0,00 
From state 464:    0,00   0,00   0,00   0,00   0,00   0,00   0,00   0,00 
From state 465:    0,00   0,00   0,00   0,00   0,00   0,00   0,00   0,00 
From state 466:    0,00 -25,00   0,00   0,00   0,00   0,00   0,00   0,00 
From state 467:    0,00   0,00   0,00   0,00   0,00   0,00   0,00   0,00 
From state 468:    0,00   0,00   0,00   0,00   0,00   0,00   0,00   0,00 
From state 469:    0,00   0,00   0,00   0,00   0,00   0,00   0,00   0,00 
From state 470:    0,00 -25,00   0,00   0,00   0,00   0,00   0,00   0,00 
From state 471:    0,00   0,00   0,00   0,00   0,00   0,00   0,00   0,00 
From state 472:    0,00   0,00   0,00   0,00   0,00   0,00   0,00   0,00 
From state 473:    0,00   0,00   0,00   0,00   0,00   0,00   0,00   0,00 
From state 474:    0,00 -25,00   0,00   0,00   0,00   0,00   0,00   0,00 
From state 475:    0,00   0,00   0,00   0,00   0,00   0,00   0,00   0,00 
From state 476:    0,00   0,00   0,00   0,00   0,00   0,00   0,00   0,00 
From state 477:    0,00   0,00   0,00   0,00   0,00   0,00   0,00   0,00 
From state 478:    0,00 -25,00   0,00   0,00   0,00   0,00   0,00   0,00 
From state 479:    0,00   0,00   0,00   0,00   0,00   0,00   0,00   0,00 
From state 480:    0,00   0,00   0,00   0,00   0,00   0,00   0,00   0,00 
From state 481:    0,00   0,00   0,00   0,00   0,00   0,00   0,00   0,00 
From state 482:    0,00   0,00   0,00   0,00   0,00  -0,50   0,00   0,00 
From state 483:    0,00   0,00   0,00   0,00   0,00   0,00   0,00   0,00 
From state 484:    0,00   0,00   0,00   0,00   0,00   0,00   0,00   0,00 
From state 485:    0,00   0,00   0,00   0,00   0,00   0,00   0,00   0,00 
From state 486:    0,00   0,00   0,00   0,00   0,00   0,00   0,00   0,00 
From state 487:    0,00   0,00   0,00   0,00   0,00   0,00   0,00   0,00 
From state 488:    0,00   0,00   0,00   0,00   0,00   0,00   0,00   0,00 
From state 489:    0,00   0,00   0,00   0,00   0,00   0,00   0,00   0,00 
From state 490:    0,00   0,00   0,00   0,00   0,00   0,00   0,00   0,00 
From state 491:    0,00   0,00   0,00   0,00   0,00   0,00   0,00   0,00 
From state 492:    0,00   0,00   0,00   0,00   0,00   0,00   0,00   0,00 
From state 493:    0,00   0,00   0,00   0,00   0,00   0,00   0,00   0,00 
From state 494:    0,00   0,00   0,00   0,00   0,00   0,00   0,00   0,00 
From state 495:    0,00   0,00   0,00   0,00   0,00   0,00   0,00   0,00 
From state 496:    0,00   0,00   0,00   0,00   0,00   0,00   0,00   0,00 
From state 497:    0,00   0,00   0,00   0,00   0,00   0,00   0,00   0,00 
From state 498:    0,00   0,00   0,00   0,00   0,00   0,00   0,00  -0,50 
From state 499:    0,00   0,00   0,00   0,00   0,00   0,00   0,00   0,00 
From state 500:    0,00   0,00   0,00   0,00   0,00   0,00   0,00   0,00 
From state 501:    0,00   0,00   0,00   0,00   0,00   0,00   0,00   0,00 
From state 502:    0,00   0,00   0,00   0,00   0,00  -0,50   0,00   0,00 
From state 503:    0,00   0,00   0,00   0,00   0,00   0,00   0,00   0,00 
From state 504:    0,00   0,00   0,00   0,00   0,00   0,00   0,00   0,00 
From state 505:    0,00   0,00   0,00   0,00   0,00   0,00   0,00   0,00 
From state 506:    0,00   0,00   0,00   0,00   0,00   0,00   0,00  -0,50 
From state 507:    0,00   0,00   0,00   0,00   0,00   0,00   0,00   0,00 
From state 508:    0,00   0,00   0,00   0,00   0,00   0,00   0,00   0,00 
From state 509:    0,00   0,00   0,00   0,00   0,00   0,00   0,00   0,00 
From state 510:    0,00   0,00   0,00   0,00   0,00   0,00   0,00   0,00 
From state 511:    0,00   0,00   0,00   0,00   0,00   0,00   0,00   0,00 
From state 512:    0,00   0,00   0,00   0,00   0,00   0,00   0,00   0,00 
From state 513:    0,00   0,00   0,00   0,00   0,00   0,00   0,00   0,00 
From state 514:    0,00   0,00   0,00   0,00   0,00   0,00   0,00   0,00 
From state 515:    0,00   0,00   0,00   0,00   0,00   0,00   0,00   0,00 
From state 516:    0,00   0,00   0,00   0,00   0,00   0,00   0,00   0,00 
From state 517:    0,00   0,00   0,00   0,00   0,00   0,00   0,00   0,00 
From state 518:    0,00   0,00   0,00   0,00   0,00   0,00   0,00   0,00 
From state 519:    0,00   0,00   0,00   0,00   0,00   0,00   0,00   0,00 
From state 520:    0,00   0,00   0,00   0,00   0,00   0,00   0,00   0,00 
From state 521:    0,00   0,00   0,00   0,00   0,00   0,00   0,00   0,00 
From state 522:    0,00   0,00   0,00   0,00   0,00   0,00   0,00   0,00 
From state 523:    0,00   0,00   0,00   0,00   0,00   0,00   0,00   0,00 
From state 524:    0,00   0,00   0,00   0,00   0,00   0,00   0,00   0,00 
From state 525:    0,00   0,00   0,00   0,00   0,00   0,00   0,00   0,00 
From state 526:    0,00   0,00   0,00   0,00   0,00   0,00   0,00   0,00 
From state 527:    0,00   0,00   0,00   0,00   0,00   0,00   0,00   0,00 
From state 528:    0,00   0,00   0,00   0,00   0,00   0,00   0,00   0,00 
From state 529:    0,00   0,00   0,00   0,00   0,00   0,00   0,00   0,00 
From state 530:    0,00   0,00   0,00   0,00   0,00   0,00   0,00   0,00 
From state 531:    0,00   0,00   0,00   0,00   0,00   0,00   0,00   0,00 
From state 532:    0,00   0,00   0,00   0,00   0,00   0,00   0,00   0,00 
From state 533:    0,00   0,00   0,00   0,00   0,00   0,00   0,00   0,00 
From state 534:    0,00   0,00   0,00   0,00   0,00   0,00   0,00   0,00 
From state 535:    0,00   0,00   0,00   0,00   0,00   0,00   0,00   0,00 
From state 536:    0,00   0,00   0,00   0,00   0,00   0,00   0,00   0,00 
From state 537:    0,00   0,00   0,00   0,00   0,00   0,00   0,00   0,00 
From state 538:    0,00   0,00   0,00   0,00   0,00   0,00   0,00   0,00 
From state 539:    0,00   0,00   0,00   0,00   0,00   0,00   0,00   0,00 
From state 540:    0,00   0,00   0,00   0,00   0,00   0,00   0,00   0,00 
From state 541:    0,00   0,00   0,00   0,00   0,00   0,00   0,00   0,00 
From state 542:    0,00   0,00   0,00   0,00   0,00   0,00   0,00   0,00 
From state 543:    0,00   0,00   0,00   0,00   0,00   0,00   0,00   0,00 
From state 544:    0,00   0,00   0,00   0,00   0,00   0,00   0,00   0,00 
From state 545:    0,00   0,00   0,00   0,00   0,00   0,00   0,00   0,00 
From state 546:    0,00   0,00   0,00   0,00   0,00   0,00   0,00   0,00 
From state 547:    0,00   0,00   0,00   0,00   0,00   0,00   0,00   0,00 
From state 548:    0,00   0,00   0,00   0,00   0,00   0,00   0,00   0,00 
From state 549:    0,00   0,00   0,00   0,00   0,00   0,00   0,00   0,00 
From state 550:    0,00   0,00   0,00   0,00   0,00   0,00   0,00   0,00 
From state 551:    0,00   0,00   0,00   0,00   0,00   0,00   0,00   0,00 
From state 552:    0,00   0,00   0,00   0,00   0,00   0,00   0,00   0,00 
From state 553:    0,00   0,00   0,00   0,00   0,00   0,00   0,00   0,00 
From state 554:    0,00   0,00   0,00   0,00   0,00   0,00   0,00   0,00 
From state 555:    0,00   0,00   0,00   0,00   0,00   0,00   0,00   0,00 
From state 556:    0,00   0,00   0,00   0,00   0,00   0,00   0,00   0,00 
From state 557:    0,00   0,00   0,00   0,00   0,00   0,00   0,00   0,00 
From state 558:    0,00   0,00   0,00   0,00   0,00   0,00   0,00   0,00 
From state 559:    0,00   0,00   0,00   0,00   0,00   0,00   0,00   0,00 
From state 560:    0,00   0,00   0,00   0,00   0,00   0,00   0,00   0,00 
From state 561:    0,00   0,00   0,00   0,00   0,00   0,00   0,00   0,00 
From state 562:    0,00   0,00   0,00   0,00   0,00   0,00   0,00   0,00 
From state 563:    0,00   0,00   0,00   0,00   0,00   0,00   0,00   0,00 
From state 564:    0,00   0,00   0,00   0,00   0,00   0,00   0,00   0,00 
From state 565:    0,00   0,00   0,00   0,00   0,00   0,00   0,00   0,00 
From state 566:    0,00   0,00   0,00   0,00   0,00   0,00   0,00   0,00 
From state 567:    0,00   0,00   0,00   0,00   0,00   0,00   0,00   0,00 
From state 568:    0,00   0,00   0,00   0,00   0,00   0,00   0,00   0,00 
From state 569:    0,00   0,00   0,00   0,00   0,00   0,00   0,00   0,00 
From state 570:    0,00   0,00   0,00   0,00   0,00   0,00   0,00   0,00 
From state 571:    0,00   0,00   0,00   0,00   0,00   0,00   0,00   0,00 
From state 572:    0,00   0,00   0,00   0,00   0,00   0,00   0,00   0,00 
From state 573:    0,00   0,00   0,00   0,00   0,00   0,00   0,00   0,00 
From state 574:    0,00   0,00   0,00   0,00   0,00   0,00   0,00   0,00 
From state 575:    0,00   0,00   0,00   0,00   0,00   0,00   0,00   0,00 
From state 576:    0,00   0,00   0,00   0,00   0,00   0,00   0,00   0,00 
From state 577:    0,00   0,00   0,00   0,00   0,00   0,00   0,00   0,00 
From state 578:    0,00   0,00   0,00   0,00   0,00   0,00   0,00   0,00 
From state 579:    0,00   0,00   0,00   0,00   0,00   0,00   0,00   0,00 
From state 580:    0,00   0,00   0,00   0,00   0,00   0,00   0,00   0,00 
From state 581:    0,00   0,00   0,00   0,00   0,00   0,00   0,00   0,00 
From state 582:    0,00   0,00   0,00   0,00   0,00   0,00   0,00   0,00 
From state 583:    0,00   0,00   0,00   0,00   0,00   0,00   0,00   0,00 
From state 584:    0,00   0,00   0,00   0,00   0,00   0,00   0,00   0,00 
From state 585:    0,00   0,00   0,00   0,00   0,00   0,00   0,00   0,00 
From state 586:    0,00   0,00   0,00   0,00   0,00   0,00   0,00   0,00 
From state 587:    0,00   0,00   0,00   0,00   0,00   0,00   0,00   0,00 
From state 588:    0,00   0,00   0,00   0,00   0,00   0,00   0,00   0,00 
From state 589:    0,00   0,00   0,00   0,00   0,00   0,00   0,00   0,00 
From state 590:    0,00   0,00   0,00   0,00   0,00   0,00   0,00   0,00 
From state 591:    0,00   0,00   0,00   0,00   0,00   0,00   0,00   0,00 
From state 592:    0,00   0,00   0,00   0,00   0,00   0,00   0,00   0,00 
From state 593:    0,00   0,00   0,00   0,00   0,00   0,00   0,00   0,00 
From state 594:    0,00   0,00   0,00   0,00   0,00   0,00   0,00   0,00 
From state 595:    0,00   0,00   0,00   0,00   0,00   0,00   0,00   0,00 
From state 596:    0,00   0,00   0,00   0,00   0,00   0,00   0,00   0,00 
From state 597:    0,00   0,00   0,00   0,00   0,00   0,00   0,00   0,00 
From state 598:    0,00   0,00   0,00   0,00   0,00   0,00   0,00   0,00 
From state 599:    0,00   0,00   0,00   0,00   0,00   0,00   0,00   0,00 
From state 600:    0,00   0,00   0,00   0,00   0,00   0,00   0,00   0,00 
From state 601:    0,00   0,00   0,00   0,00   0,00   0,00   0,00   0,00 
From state 602:    0,00   0,00   0,00   0,00   0,00   0,00   0,00   0,00 
From state 603:    0,00   0,00   0,00   0,00   0,00   0,00   0,00   0,00 
From state 604:    0,00   0,00   0,00   0,00   0,00   0,00   0,00   0,00 
From state 605:    0,00   0,00   0,00   0,00   0,00   0,00   0,00   0,00 
From state 606:    0,00   0,00   0,00   0,00   0,00   0,00   0,00   0,00 
From state 607:    0,00   0,00   0,00   0,00   0,00   0,00   0,00   0,00 
From state 608:    0,00   0,00   0,00   0,00   0,00   0,00   0,00   0,00 
From state 609:    0,00   0,00   0,00   0,00   0,00   0,00   0,00   0,00 
From state 610:    0,00   0,00   0,00   0,00   0,00   0,00   0,00   0,00 
From state 611:    0,00   0,00   0,00   0,00   0,00   0,00   0,00   0,00 
From state 612:    0,00   0,00   0,00   0,00   0,00   0,00   0,00   0,00 
From state 613:    0,00   0,00   0,00   0,00   0,00   0,00   0,00   0,00 
From state 614:    0,00   0,00   0,00   0,00   0,00   0,00   0,00   0,00 
From state 615:    0,00   0,00   0,00   0,00   0,00   0,00   0,00   0,00 
From state 616:    0,00   0,00   0,00   0,00   0,00   0,00   0,00   0,00 
From state 617:    0,00   0,00   0,00   0,00   0,00   0,00   0,00   0,00 
From state 618:    0,00   0,00   0,00   0,00   0,00   0,00   0,00   0,00 
From state 619:    0,00   0,00   0,00   0,00   0,00   0,00   0,00   0,00 
From state 620:    0,00   0,00   0,00   0,00   0,00   0,00   0,00   0,00 
From state 621:    0,00   0,00   0,00   0,00   0,00   0,00   0,00   0,00 
From state 622:    0,00   0,00   0,00   0,00   0,00   0,00   0,00   0,00 
From state 623:    0,00   0,00   0,00   0,00   0,00   0,00   0,00   0,00 
From state 624:    0,00   0,00   0,00   0,00   0,00   0,00   0,00   0,00 
From state 625:    0,00   0,00   0,00   0,00   0,00   0,00   0,00   0,00 
From state 626:    0,00   0,00   0,00   0,00   0,00   0,00   0,00   0,00 
From state 627:    0,00   0,00   0,00   0,00   0,00   0,00   0,00   0,00 
From state 628:    0,00   0,00   0,00   0,00   0,00   0,00   0,00   0,00 
From state 629:    0,00   0,00   0,00   0,00   0,00   0,00   0,00   0,00 
From state 630:    0,00   0,00   0,00   0,00   0,00   0,00   0,00   0,00 
From state 631:    0,00   0,00   0,00   0,00   0,00   0,00   0,00   0,00 
From state 632:    0,00   0,00   0,00   0,00   0,00   0,00   0,00   0,00 
From state 633:    0,00   0,00   0,00   0,00   0,00   0,00   0,00   0,00 
From state 634:    0,00   0,00   0,00   0,00   0,00   0,00   0,00   0,00 
From state 635:    0,00   0,00   0,00   0,00   0,00   0,00   0,00   0,00 
From state 636:    0,00   0,00   0,00   0,00   0,00   0,00   0,00   0,00 
From state 637:    0,00   0,00   0,00   0,00   0,00   0,00   0,00   0,00 
From state 638:    0,00   0,00   0,00   0,00   0,00   0,00   0,00   0,00 
From state 639:    0,00   0,00   0,00   0,00   0,00   0,00   0,00   0,00 
From state 640:    0,00   0,00   0,00   0,00   0,00   0,00   0,00   0,00 
From state 641:    0,00   0,00   0,00   0,00   0,00   0,00   0,00   0,00 
From state 642:    0,00   0,00   0,00   0,00   0,00   0,00   0,00   0,00 
From state 643:    0,00   0,00   0,00   0,00   0,00   0,00   0,00   0,00 
From state 644:    0,00   0,00   0,00   0,00   0,00   0,00   0,00   0,00 
From state 645:    0,00   0,00   0,00   0,00   0,00   0,00   0,00   0,00 
From state 646:    0,00   0,00   0,00   0,00   0,00   0,00   0,00   0,00 
From state 647:    0,00   0,00   0,00   0,00   0,00   0,00   0,00   0,00 
From state 648:    0,00   0,00   0,00   0,00   0,00   0,00   0,00   0,00 
From state 649:    0,00   0,00   0,00   0,00   0,00   0,00   0,00   0,00 
From state 650:    0,00   0,00   0,00   0,00   0,00   0,00   0,00   0,00 
From state 651:    0,00   0,00   0,00   0,00   0,00   0,00   0,00   0,00 
From state 652:    0,00   0,00   0,00   0,00   0,00   0,00   0,00   0,00 
From state 653:    0,00   0,00   0,00   0,00   0,00   0,00   0,00   0,00 
From state 654:    0,00   0,00   0,00   0,00   0,00   0,00   0,00   0,00 
From state 655:    0,00   0,00   0,00   0,00   0,00   0,00   0,00   0,00 
From state 656:    0,00   0,00   0,00   0,00   0,00   0,00   0,00   0,00 
From state 657:    0,00   0,00   0,00   0,00   0,00   0,00   0,00   0,00 
From state 658:    0,00   0,00   0,00   0,00   0,00   0,00   0,00   0,00 
From state 659:    0,00   0,00   0,00   0,00   0,00   0,00   0,00   0,00 
From state 660:    0,00   0,00   0,00   0,00   0,00   0,00   0,00   0,00 
From state 661:    0,00   0,00   0,00   0,00   0,00   0,00   0,00   0,00 
From state 662:    0,00   0,00   0,00   0,00   0,00   0,00   0,00   0,00 
From state 663:    0,00   0,00   0,00   0,00   0,00   0,00   0,00   0,00 
From state 664:    0,00   0,00   0,00   0,00   0,00   0,00   0,00   0,00 
From state 665:    0,00   0,00   0,00   0,00   0,00   0,00   0,00   0,00 
From state 666:    0,00   0,00   0,00   0,00   0,00   0,00   0,00   0,00 
From state 667:    0,00   0,00   0,00   0,00   0,00   0,00   0,00   0,00 
From state 668:    0,00   0,00   0,00   0,00   0,00   0,00   0,00   0,00 
From state 669:    0,00   0,00   0,00   0,00   0,00   0,00   0,00   0,00 
From state 670:    0,00   0,00   0,00   0,00   0,00   0,00   0,00   0,00 
From state 671:    0,00   0,00   0,00   0,00   0,00   0,00   0,00   0,00 
From state 672:    0,00   0,00   0,00   0,00   0,00   0,00   0,00   0,00 
From state 673:    0,00   0,00   0,00   0,00   0,00   0,00   0,00   0,00 
From state 674:    0,00   0,00   0,00   0,00   0,00   0,00   0,00   0,00 
From state 675:    0,00   0,00   0,00   0,00   0,00   0,00   0,00   0,00 
From state 676:    0,00   0,00   0,00   0,00   0,00   0,00   0,00   0,00 
From state 677:    0,00   0,00   0,00   0,00   0,00   0,00   0,00   0,00 
From state 678:    0,00   0,00   0,00   0,00   0,00   0,00   0,00   0,00 
From state 679:    0,00   0,00   0,00   0,00   0,00   0,00   0,00   0,00 
From state 680:    0,00   0,00   0,00   0,00   0,00   0,00   0,00   0,00 
From state 681:    0,00   0,00   0,00   0,00   0,00   0,00   0,00   0,00 
From state 682:    0,00   0,00   0,00   0,00   0,00   0,00   0,00   0,00 
From state 683:    0,00   0,00   0,00   0,00   0,00   0,00   0,00   0,00 
From state 684:    0,00   0,00   0,00   0,00   0,00   0,00   0,00   0,00 
From state 685:    0,00   0,00   0,00   0,00   0,00   0,00   0,00   0,00 
From state 686:    0,00   0,00   0,00   0,00   0,00   0,00   0,00   0,00 
From state 687:    0,00   0,00   0,00   0,00   0,00   0,00   0,00   0,00 
From state 688:    0,00   0,00   0,00   0,00   0,00   0,00   0,00   0,00 
From state 689:    0,00   0,00   0,00   0,00   0,00   0,00   0,00   0,00 
From state 690:    0,00   0,00   0,00   0,00   0,00   0,00   0,00   0,00 
From state 691:    0,00   0,00   0,00   0,00   0,00   0,00   0,00   0,00 
From state 692:    0,00   0,00   0,00   0,00   0,00   0,00   0,00   0,00 
From state 693:    0,00   0,00   0,00   0,00   0,00   0,00   0,00   0,00 
From state 694:    0,00   0,00   0,00   0,00   0,00   0,00   0,00   0,00 
From state 695:    0,00   0,00   0,00   0,00   0,00   0,00   0,00   0,00 
From state 696:    0,00   0,00   0,00   0,00   0,00   0,00   0,00   0,00 
From state 697:    0,00   0,00   0,00   0,00   0,00   0,00   0,00   0,00 
From state 698:    0,00   0,00   0,00   0,00   0,00   0,00   0,00   0,00 
From state 699:    0,00   0,00   0,00   0,00   0,00   0,00   0,00   0,00 
From state 700:    0,00   0,00   0,00   0,00   0,00   0,00   0,00   0,00 
From state 701:    0,00   0,00   0,00   0,00   0,00   0,00   0,00   0,00 
From state 702:    0,00   0,00   0,00   0,00   0,00   0,00   0,00   0,00 
From state 703:    0,00   0,00   0,00   0,00   0,00   0,00   0,00   0,00 
From state 704:    0,00   0,00   0,00   0,00   0,00   0,00   0,00   0,00 
From state 705:    0,00   0,00   0,00   0,00   0,00   0,00   0,00   0,00 
From state 706:    0,00 -43,75   0,00 -48,44   0,00  -1,00   0,00  -1,00 
From state 707:    0,00   0,00   0,00   0,00   0,00   0,00   0,00   0,00 
From state 708:    0,00   0,00   0,00   0,00   0,00   0,00   0,00   0,00 
From state 709:    0,00   0,00   0,00   0,00   0,00   0,00   0,00   0,00 
From state 710:    0,00 -43,75   0,00 -43,75   0,00  -0,94   0,00   0,00 
From state 711:    0,00   0,00   0,00   0,00   0,00   0,00   0,00   0,00 
From state 712:    0,00   0,00   0,00   0,00   0,00   0,00   0,00   0,00 
From state 713:    0,00   0,00   0,00   0,00   0,00   0,00   0,00   0,00 
From state 714:    0,00 -43,75   0,00 -43,75   0,00   0,00   0,00  -0,50 
From state 715:    0,00   0,00   0,00   0,00   0,00   0,00   0,00   0,00 
From state 716:    0,00   0,00   0,00   0,00   0,00   0,00   0,00   0,00 
From state 717:    0,00   0,00   0,00   0,00   0,00   0,00   0,00   0,00 
From state 718:    0,00 -25,00   0,00 -37,50   0,00   0,00   0,00   0,00 
From state 719:    0,00   0,00   0,00   0,00   0,00   0,00   0,00   0,00 
From state 720:    0,00   0,00   0,00   0,00   0,00   0,00   0,00   0,00 
From state 721:    0,00   0,00   0,00   0,00   0,00   0,00   0,00   0,00 
From state 722:    0,00 -25,00   0,00   0,00   0,00  -0,75   0,00  -0,50 
From state 723:    0,00   0,00   0,00   0,00   0,00   0,00   0,00   0,00 
From state 724:    0,00   0,00   0,00   0,00   0,00   0,00   0,00   0,00 
From state 725:    0,00   0,00   0,00   0,00   0,00   0,00   0,00   0,00 
From state 726:    0,00 -25,00   0,00   0,00   0,00  -0,50   0,00   0,00 
From state 727:    0,00   0,00   0,00   0,00   0,00   0,00   0,00   0,00 
From state 728:    0,00   0,00   0,00   0,00   0,00   0,00   0,00   0,00 
From state 729:    0,00   0,00   0,00   0,00   0,00   0,00   0,00   0,00 
From state 730:    0,00 -43,75   0,00   0,00   0,00   0,00   0,00  -0,88 
From state 731:    0,00   0,00   0,00   0,00   0,00   0,00   0,00   0,00 
From state 732:    0,00   0,00   0,00   0,00   0,00   0,00   0,00   0,00 
From state 733:    0,00   0,00   0,00   0,00   0,00   0,00   0,00   0,00 
From state 734:    0,00 -25,00   0,00   0,00   0,00   0,00   0,00   0,00 
From state 735:    0,00   0,00   0,00   0,00   0,00   0,00   0,00   0,00 
From state 736:    0,00   0,00   0,00   0,00   0,00   0,00   0,00   0,00 
From state 737:    0,00   0,00   0,00   0,00   0,00   0,00   0,00   0,00 
From state 738:    0,00   0,00   0,00   0,00   0,00   0,00   0,00  -0,50 
From state 739:    0,00   0,00   0,00   0,00   0,00   0,00   0,00   0,00 
From state 740:    0,00   0,00   0,00   0,00   0,00   0,00   0,00   0,00 
From state 741:    0,00   0,00   0,00   0,00   0,00   0,00   0,00   0,00 
From state 742:    0,00   0,00   0,00   0,00   0,00   0,00   0,00   0,00 
From state 743:    0,00   0,00   0,00   0,00   0,00   0,00   0,00   0,00 
From state 744:    0,00   0,00   0,00   0,00   0,00   0,00   0,00   0,00 
From state 745:    0,00   0,00   0,00   0,00   0,00   0,00   0,00   0,00 
From state 746:    0,00   0,00   0,00   0,00   0,00   0,00   0,00   0,00 
From state 747:    0,00   0,00   0,00   0,00   0,00   0,00   0,00   0,00 
From state 748:    0,00   0,00   0,00   0,00   0,00   0,00   0,00   0,00 
From state 749:    0,00   0,00   0,00   0,00   0,00   0,00   0,00   0,00 
From state 750:    0,00   0,00   0,00   0,00   0,00   0,00   0,00   0,00 
From state 751:    0,00   0,00   0,00   0,00   0,00   0,00   0,00   0,00 
From state 752:    0,00   0,00   0,00   0,00   0,00   0,00   0,00   0,00 
From state 753:    0,00   0,00   0,00   0,00   0,00   0,00   0,00   0,00 
From state 754:    0,00   0,00   0,00   0,00   0,00   0,00   0,00   0,00 
From state 755:    0,00   0,00   0,00   0,00   0,00   0,00   0,00   0,00 
From state 756:    0,00   0,00   0,00   0,00   0,00   0,00   0,00   0,00 
From state 757:    0,00   0,00   0,00   0,00   0,00   0,00   0,00   0,00 
From state 758:    0,00   0,00   0,00   0,00   0,00   0,00   0,00   0,00 
From state 759:    0,00   0,00   0,00   0,00   0,00   0,00   0,00   0,00 
From state 760:    0,00   0,00   0,00   0,00   0,00   0,00   0,00   0,00 
From state 761:    0,00   0,00   0,00   0,00   0,00   0,00   0,00   0,00 
From state 762:    0,00   0,00   0,00   0,00   0,00   0,00   0,00   0,00 
From state 763:    0,00   0,00   0,00   0,00   0,00   0,00   0,00   0,00 
From state 764:    0,00   0,00   0,00   0,00   0,00   0,00   0,00   0,00 
From state 765:    0,00   0,00   0,00   0,00   0,00   0,00   0,00   0,00 
From state 766:    0,00   0,00   0,00   0,00   0,00   0,00   0,00   0,00 
From state 767:    0,00   0,00   0,00   0,00   0,00   0,00   0,00   0,00 
From state 768:    0,00   0,00   0,00   0,00   0,00   0,00   0,00   0,00 
From state 769:    0,00   0,00   0,00   0,00   0,00   0,00   0,00   0,00 
From state 770:    0,00   0,00   0,00   0,00   0,00   0,00   0,00   0,00 
From state 771:    0,00   0,00   0,00   0,00   0,00   0,00   0,00   0,00 
From state 772:    0,00   0,00   0,00   0,00   0,00   0,00   0,00   0,00 
From state 773:    0,00   0,00   0,00   0,00   0,00   0,00   0,00   0,00 
From state 774:    0,00   0,00   0,00   0,00   0,00   0,00   0,00   0,00 
From state 775:    0,00   0,00   0,00   0,00   0,00   0,00   0,00   0,00 
From state 776:    0,00   0,00   0,00   0,00   0,00   0,00   0,00   0,00 
From state 777:    0,00   0,00   0,00   0,00   0,00   0,00   0,00   0,00 
From state 778:    0,00   0,00   0,00   0,00   0,00   0,00   0,00   0,00 
From state 779:    0,00   0,00   0,00   0,00   0,00   0,00   0,00   0,00 
From state 780:    0,00   0,00   0,00   0,00   0,00   0,00   0,00   0,00 
From state 781:    0,00   0,00   0,00   0,00   0,00   0,00   0,00   0,00 
From state 782:    0,00   0,00   0,00   0,00   0,00   0,00   0,00   0,00 
From state 783:    0,00   0,00   0,00   0,00   0,00   0,00   0,00   0,00 
From state 784:    0,00   0,00   0,00   0,00   0,00   0,00   0,00   0,00 
From state 785:    0,00   0,00   0,00   0,00   0,00   0,00   0,00   0,00 
From state 786:    0,00   0,00   0,00   0,00   0,00   0,00   0,00   0,00 
From state 787:    0,00   0,00   0,00   0,00   0,00   0,00   0,00   0,00 
From state 788:    0,00   0,00   0,00   0,00   0,00   0,00   0,00   0,00 
From state 789:    0,00   0,00   0,00   0,00   0,00   0,00   0,00   0,00 
From state 790:    0,00   0,00   0,00   0,00   0,00   0,00   0,00   0,00 
From state 791:    0,00   0,00   0,00   0,00   0,00   0,00   0,00   0,00 
From state 792:    0,00   0,00   0,00   0,00   0,00   0,00   0,00   0,00 
From state 793:    0,00   0,00   0,00   0,00   0,00   0,00   0,00   0,00 
From state 794:    0,00   0,00   0,00   0,00   0,00   0,00   0,00   0,00 
From state 795:    0,00   0,00   0,00   0,00   0,00   0,00   0,00   0,00 
From state 796:    0,00   0,00   0,00   0,00   0,00   0,00   0,00   0,00 
From state 797:    0,00   0,00   0,00   0,00   0,00   0,00   0,00   0,00 
From state 798:    0,00   0,00   0,00   0,00   0,00   0,00   0,00   0,00 
From state 799:    0,00   0,00   0,00   0,00   0,00   0,00   0,00   0,00 
From state 800:    0,00   0,00   0,00   0,00   0,00   0,00   0,00   0,00 
From state 801:    0,00   0,00   0,00   0,00   0,00   0,00   0,00   0,00 
From state 802:    0,00   0,00   0,00   0,00   0,00   0,00   0,00   0,00 
From state 803:    0,00   0,00   0,00   0,00   0,00   0,00   0,00   0,00 
From state 804:    0,00   0,00   0,00   0,00   0,00   0,00   0,00   0,00 
From state 805:    0,00   0,00   0,00   0,00   0,00   0,00   0,00   0,00 
From state 806:    0,00   0,00   0,00   0,00   0,00   0,00   0,00   0,00 
From state 807:    0,00   0,00   0,00   0,00   0,00   0,00   0,00   0,00 
From state 808:    0,00   0,00   0,00   0,00   0,00   0,00   0,00   0,00 
From state 809:    0,00   0,00   0,00   0,00   0,00   0,00   0,00   0,00 
From state 810:    0,00   0,00   0,00   0,00   0,00   0,00   0,00   0,00 
From state 811:    0,00   0,00   0,00   0,00   0,00   0,00   0,00   0,00 
From state 812:    0,00   0,00   0,00   0,00   0,00   0,00   0,00   0,00 
From state 813:    0,00   0,00   0,00   0,00   0,00   0,00   0,00   0,00 
From state 814:    0,00   0,00   0,00   0,00   0,00   0,00   0,00   0,00 
From state 815:    0,00   0,00   0,00   0,00   0,00   0,00   0,00   0,00 
From state 816:    0,00   0,00   0,00   0,00   0,00   0,00   0,00   0,00 
From state 817:    0,00   0,00   0,00   0,00   0,00   0,00   0,00   0,00 
From state 818:    0,00   0,00   0,00   0,00   0,00   0,00   0,00   0,00 
From state 819:    0,00   0,00   0,00   0,00   0,00   0,00   0,00   0,00 
From state 820:    0,00   0,00   0,00   0,00   0,00   0,00   0,00   0,00 
From state 821:    0,00   0,00   0,00   0,00   0,00   0,00   0,00   0,00 
From state 822:    0,00   0,00   0,00   0,00   0,00   0,00   0,00   0,00 
From state 823:    0,00   0,00   0,00   0,00   0,00   0,00   0,00   0,00 
From state 824:    0,00   0,00   0,00   0,00   0,00   0,00   0,00   0,00 
From state 825:    0,00   0,00   0,00   0,00   0,00   0,00   0,00   0,00 
From state 826:    0,00   0,00   0,00   0,00   0,00   0,00   0,00   0,00 
From state 827:    0,00   0,00   0,00   0,00   0,00   0,00   0,00   0,00 
From state 828:    0,00   0,00   0,00   0,00   0,00   0,00   0,00   0,00 
From state 829:    0,00   0,00   0,00   0,00   0,00   0,00   0,00   0,00 
From state 830:    0,00   0,00   0,00   0,00   0,00   0,00   0,00   0,00 
From state 831:    0,00   0,00   0,00   0,00   0,00   0,00   0,00   0,00 
From state 832:    0,00   0,00   0,00   0,00   0,00   0,00   0,00   0,00 
From state 833:    0,00   0,00   0,00   0,00   0,00   0,00   0,00   0,00 
From state 834:    0,00 -37,50   0,00 -48,44   0,00  -1,00   0,00  -1,00 
From state 835:    0,00   0,00   0,00   0,00   0,00   0,00   0,00   0,00 
From state 836:    0,00   0,00   0,00   0,00   0,00   0,00   0,00   0,00 
From state 837:    0,00   0,00   0,00   0,00   0,00   0,00   0,00   0,00 
From state 838:    0,00 -37,50   0,00 -25,00   0,00  -0,50   0,00   0,00 
From state 839:    0,00   0,00   0,00   0,00   0,00   0,00   0,00   0,00 
From state 840:    0,00   0,00   0,00   0,00   0,00   0,00   0,00   0,00 
From state 841:    0,00   0,00   0,00   0,00   0,00   0,00   0,00   0,00 
From state 842:    0,00 -25,00   0,00 -46,88   0,00   0,00   0,00  -0,75 
From state 843:    0,00   0,00   0,00   0,00   0,00   0,00   0,00   0,00 
From state 844:    0,00   0,00   0,00   0,00   0,00   0,00   0,00   0,00 
From state 845:    0,00   0,00   0,00   0,00   0,00   0,00   0,00   0,00 
From state 846:    0,00 -25,00   0,00 -37,50   0,00   0,00   0,00   0,00 
From state 847:    0,00   0,00   0,00   0,00   0,00   0,00   0,00   0,00 
From state 848:    0,00   0,00   0,00   0,00   0,00   0,00   0,00   0,00 
From state 849:    0,00   0,00   0,00   0,00   0,00   0,00   0,00   0,00 
From state 850:    0,00 -25,00   0,00   0,00   0,00  -0,75   0,00   0,00 
From state 851:    0,00   0,00   0,00   0,00   0,00   0,00   0,00   0,00 
From state 852:    0,00   0,00   0,00   0,00   0,00   0,00   0,00   0,00 
From state 853:    0,00   0,00   0,00   0,00   0,00   0,00   0,00   0,00 
From state 854:    0,00 -25,00   0,00   0,00   0,00   0,00   0,00   0,00 
From state 855:    0,00   0,00   0,00   0,00   0,00   0,00   0,00   0,00 
From state 856:    0,00   0,00   0,00   0,00   0,00   0,00   0,00   0,00 
From state 857:    0,00   0,00   0,00   0,00   0,00   0,00   0,00   0,00 
From state 858:    0,00 -25,00   0,00   0,00   0,00   0,00   0,00   0,00 
From state 859:    0,00   0,00   0,00   0,00   0,00   0,00   0,00   0,00 
From state 860:    0,00   0,00   0,00   0,00   0,00   0,00   0,00   0,00 
From state 861:    0,00   0,00   0,00   0,00   0,00   0,00   0,00   0,00 
From state 862:    0,00 -25,00   0,00   0,00   0,00   0,00   0,00   0,00 
From state 863:    0,00   0,00   0,00   0,00   0,00   0,00   0,00   0,00 
From state 864:    0,00   0,00   0,00   0,00   0,00   0,00   0,00   0,00 
From state 865:    0,00   0,00   0,00   0,00   0,00   0,00   0,00   0,00 
From state 866:    0,00   0,00   0,00   0,00   0,00   0,00   0,00   0,00 
From state 867:    0,00   0,00   0,00   0,00   0,00   0,00   0,00   0,00 
From state 868:    0,00   0,00   0,00   0,00   0,00   0,00   0,00   0,00 
From state 869:    0,00   0,00   0,00   0,00   0,00   0,00   0,00   0,00 
From state 870:    0,00   0,00   0,00   0,00   0,00   0,00   0,00   0,00 
From state 871:    0,00   0,00   0,00   0,00   0,00   0,00   0,00   0,00 
From state 872:    0,00   0,00   0,00   0,00   0,00   0,00   0,00   0,00 
From state 873:    0,00   0,00   0,00   0,00   0,00   0,00   0,00   0,00 
From state 874:    0,00   0,00   0,00   0,00   0,00   0,00   0,00   0,00 
From state 875:    0,00   0,00   0,00   0,00   0,00   0,00   0,00   0,00 
From state 876:    0,00   0,00   0,00   0,00   0,00   0,00   0,00   0,00 
From state 877:    0,00   0,00   0,00   0,00   0,00   0,00   0,00   0,00 
From state 878:    0,00   0,00   0,00   0,00   0,00   0,00   0,00   0,00 
From state 879:    0,00   0,00   0,00   0,00   0,00   0,00   0,00   0,00 
From state 880:    0,00   0,00   0,00   0,00   0,00   0,00   0,00   0,00 
From state 881:    0,00   0,00   0,00   0,00   0,00   0,00   0,00   0,00 
From state 882:    0,00   0,00   0,00   0,00   0,00   0,00   0,00   0,00 
From state 883:    0,00   0,00   0,00   0,00   0,00   0,00   0,00   0,00 
From state 884:    0,00   0,00   0,00   0,00   0,00   0,00   0,00   0,00 
From state 885:    0,00   0,00   0,00   0,00   0,00   0,00   0,00   0,00 
From state 886:    0,00   0,00   0,00   0,00   0,00   0,00   0,00   0,00 
From state 887:    0,00   0,00   0,00   0,00   0,00   0,00   0,00   0,00 
From state 888:    0,00   0,00   0,00   0,00   0,00   0,00   0,00   0,00 
From state 889:    0,00   0,00   0,00   0,00   0,00   0,00   0,00   0,00 
From state 890:    0,00   0,00   0,00   0,00   0,00   0,00   0,00   0,00 
From state 891:    0,00   0,00   0,00   0,00   0,00   0,00   0,00   0,00 
From state 892:    0,00   0,00   0,00   0,00   0,00   0,00   0,00   0,00 
From state 893:    0,00   0,00   0,00   0,00   0,00   0,00   0,00   0,00 
From state 894:    0,00   0,00   0,00   0,00   0,00   0,00   0,00   0,00 
From state 895:    0,00   0,00   0,00   0,00   0,00   0,00   0,00   0,00 
From state 896:    0,00   0,00   0,00   0,00   0,00   0,00   0,00   0,00 
From state 897:    0,00   0,00   0,00   0,00   0,00   0,00   0,00   0,00 
From state 898:    0,00 -49,22   0,00 -37,50   0,00  -1,00   0,00  -1,00 
From state 899:    0,00   0,00   0,00   0,00   0,00   0,00   0,00   0,00 
From state 900:    0,00   0,00   0,00   0,00   0,00   0,00   0,00   0,00 
From state 901:    0,00   0,00   0,00   0,00   0,00   0,00   0,00   0,00 
From state 902:    0,00 -46,88   0,00 -48,44   0,00  -0,99   0,00   0,00 
From state 903:    0,00   0,00   0,00   0,00   0,00   0,00   0,00   0,00 
From state 904:    0,00   0,00   0,00   0,00   0,00   0,00   0,00   0,00 
From state 905:    0,00   0,00   0,00   0,00   0,00   0,00   0,00   0,00 
From state 906:    0,00 -43,75   0,00 -48,44   0,00   0,00   0,00  -0,75 
From state 907:    0,00   0,00   0,00   0,00   0,00   0,00   0,00   0,00 
From state 908:    0,00   0,00   0,00   0,00   0,00   0,00   0,00   0,00 
From state 909:    0,00   0,00   0,00   0,00   0,00   0,00   0,00   0,00 
From state 910:    0,00 -37,50   0,00 -43,75   0,00   0,00   0,00   0,00 
From state 911:    0,00   0,00   0,00   0,00   0,00   0,00   0,00   0,00 
From state 912:    0,00   0,00   0,00   0,00   0,00   0,00   0,00   0,00 
From state 913:    0,00   0,00   0,00   0,00   0,00   0,00   0,00   0,00 
From state 914:    0,00 -25,00   0,00   0,00   0,00  -0,50   0,00  -0,50 
From state 915:    0,00   0,00   0,00   0,00   0,00   0,00   0,00   0,00 
From state 916:    0,00   0,00   0,00   0,00   0,00   0,00   0,00   0,00 
From state 917:    0,00   0,00   0,00   0,00   0,00   0,00   0,00   0,00 
From state 918:    0,00 -43,75   0,00   0,00   0,00  -0,75   0,00   0,00 
From state 919:    0,00   0,00   0,00   0,00   0,00   0,00   0,00   0,00 
From state 920:    0,00   0,00   0,00   0,00   0,00   0,00   0,00   0,00 
From state 921:    0,00   0,00   0,00   0,00   0,00   0,00   0,00   0,00 
From state 922:    0,00 -43,75   0,00   0,00   0,00   0,00   0,00  -0,75 
From state 923:    0,00   0,00   0,00   0,00   0,00   0,00   0,00   0,00 
From state 924:    0,00   0,00   0,00   0,00   0,00   0,00   0,00   0,00 
From state 925:    0,00   0,00   0,00   0,00   0,00   0,00   0,00   0,00 
From state 926:    0,00 -37,50   0,00   0,00   0,00   0,00   0,00   0,00 
From state 927:    0,00   0,00   0,00   0,00   0,00   0,00   0,00   0,00 
From state 928:    0,00   0,00   0,00   0,00   0,00   0,00   0,00   0,00 
From state 929:    0,00   0,00   0,00   0,00   0,00   0,00   0,00   0,00 
From state 930:    0,00   0,00   0,00 -43,75   0,00  -0,50   0,00   0,00 
From state 931:    0,00   0,00   0,00   0,00   0,00   0,00   0,00   0,00 
From state 932:    0,00   0,00   0,00   0,00   0,00   0,00   0,00   0,00 
From state 933:    0,00   0,00   0,00   0,00   0,00   0,00   0,00   0,00 
From state 934:    0,00   0,00   0,00   0,00   0,00   0,00   0,00   0,00 
From state 935:    0,00   0,00   0,00   0,00   0,00   0,00   0,00   0,00 
From state 936:    0,00   0,00   0,00   0,00   0,00   0,00   0,00   0,00 
From state 937:    0,00   0,00   0,00   0,00   0,00   0,00   0,00   0,00 
From state 938:    0,00   0,00   0,00 -25,00   0,00   0,00   0,00   0,00 
From state 939:    0,00   0,00   0,00   0,00   0,00   0,00   0,00   0,00 
From state 940:    0,00   0,00   0,00   0,00   0,00   0,00   0,00   0,00 
From state 941:    0,00   0,00   0,00   0,00   0,00   0,00   0,00   0,00 
From state 942:    0,00   0,00   0,00   0,00   0,00   0,00   0,00   0,00 
From state 943:    0,00   0,00   0,00   0,00   0,00   0,00   0,00   0,00 
From state 944:    0,00   0,00   0,00   0,00   0,00   0,00   0,00   0,00 
From state 945:    0,00   0,00   0,00   0,00   0,00   0,00   0,00   0,00 
From state 946:    0,00   0,00   0,00   0,00   0,00   0,00   0,00   0,00 
From state 947:    0,00   0,00   0,00   0,00   0,00   0,00   0,00   0,00 
From state 948:    0,00   0,00   0,00   0,00   0,00   0,00   0,00   0,00 
From state 949:    0,00   0,00   0,00   0,00   0,00   0,00   0,00   0,00 
From state 950:    0,00   0,00   0,00   0,00   0,00  -0,50   0,00   0,00 
From state 951:    0,00   0,00   0,00   0,00   0,00   0,00   0,00   0,00 
From state 952:    0,00   0,00   0,00   0,00   0,00   0,00   0,00   0,00 
From state 953:    0,00   0,00   0,00   0,00   0,00   0,00   0,00   0,00 
From state 954:    0,00   0,00   0,00   0,00   0,00   0,00   0,00  -0,50 
From state 955:    0,00   0,00   0,00   0,00   0,00   0,00   0,00   0,00 
From state 956:    0,00   0,00   0,00   0,00   0,00   0,00   0,00   0,00 
From state 957:    0,00   0,00   0,00   0,00   0,00   0,00   0,00   0,00 
From state 958:    0,00   0,00   0,00   0,00   0,00   0,00   0,00   0,00 
From state 959:    0,00   0,00   0,00   0,00   0,00   0,00   0,00   0,00 
From state 960:    0,00   0,00   0,00   0,00   0,00   0,00   0,00   0,00 
From state 961:    0,00   0,00   0,00   0,00   0,00   0,00   0,00   0,00 
From state 962:    0,00 -49,95   0,00 -49,95   0,00  -1,00   0,00  -1,00 
From state 963:    0,00   0,00   0,00   0,00   0,00   0,00   0,00   0,00 
From state 964:    0,00   0,00   0,00   0,00   0,00   0,00   0,00   0,00 
From state 965:    0,00   0,00   0,00   0,00   0,00   0,00   0,00   0,00 
From state 966:    0,00 -49,90   0,00 -48,44   0,00  -0,88   0,00   0,00 
From state 967:    0,00   0,00   0,00   0,00   0,00   0,00   0,00   0,00 
From state 968:    0,00   0,00   0,00   0,00   0,00   0,00   0,00   0,00 
From state 969:    0,00   0,00   0,00   0,00   0,00   0,00   0,00   0,00 
From state 970:    0,00 -49,80   0,00 -48,44   0,00   0,00   0,00  -0,88 
From state 971:    0,00   0,00   0,00   0,00   0,00   0,00   0,00   0,00 
From state 972:    0,00   0,00   0,00   0,00   0,00   0,00   0,00   0,00 
From state 973:    0,00   0,00   0,00   0,00   0,00   0,00   0,00   0,00 
From state 974:    0,00 -43,75   0,00 -49,22   0,00   0,00   0,00   0,00 
From state 975:    0,00   0,00   0,00   0,00   0,00   0,00   0,00   0,00 
From state 976:    0,00   0,00   0,00   0,00   0,00   0,00   0,00   0,00 
From state 977:    0,00   0,00   0,00   0,00   0,00   0,00   0,00   0,00 
From state 978:    0,00 -37,50   0,00   0,00   0,00   0,00   0,00  -0,50 
From state 979:    0,00   0,00   0,00   0,00   0,00   0,00   0,00   0,00 
From state 980:    0,00   0,00   0,00   0,00   0,00   0,00   0,00   0,00 
From state 981:    0,00   0,00   0,00   0,00   0,00   0,00   0,00   0,00 
From state 982:    0,00 -25,00   0,00   0,00   0,00   0,00   0,00   0,00 
From state 983:    0,00   0,00   0,00   0,00   0,00   0,00   0,00   0,00 
From state 984:    0,00   0,00   0,00   0,00   0,00   0,00   0,00   0,00 
From state 985:    0,00   0,00   0,00   0,00   0,00   0,00   0,00   0,00 
From state 986:    0,00 -37,50   0,00   0,00   0,00   0,00   0,00  -0,50 
From state 987:    0,00   0,00   0,00   0,00   0,00   0,00   0,00   0,00 
From state 988:    0,00   0,00   0,00   0,00   0,00   0,00   0,00   0,00 
From state 989:    0,00   0,00   0,00   0,00   0,00   0,00   0,00   0,00 
From state 990:    0,00 -25,00   0,00   0,00   0,00   0,00   0,00   0,00 
From state 991:    0,00   0,00   0,00   0,00   0,00   0,00   0,00   0,00 
From state 992:    0,00   0,00   0,00   0,00   0,00   0,00   0,00   0,00 
From state 993:    0,00   0,00   0,00   0,00   0,00   0,00   0,00   0,00 
From state 994:    0,00   0,00   0,00 -25,00   0,00   0,00   0,00  -0,50 
From state 995:    0,00   0,00   0,00   0,00   0,00   0,00   0,00   0,00 
From state 996:    0,00   0,00   0,00   0,00   0,00   0,00   0,00   0,00 
From state 997:    0,00   0,00   0,00   0,00   0,00   0,00   0,00   0,00 
From state 998:    0,00   0,00   0,00   0,00   0,00   0,00   0,00   0,00 
From state 999:    0,00   0,00   0,00   0,00   0,00   0,00   0,00   0,00 
From state 1000:    0,00   0,00   0,00   0,00   0,00   0,00   0,00   0,00 
From state 1001:    0,00   0,00   0,00   0,00   0,00   0,00   0,00   0,00 
From state 1002:    0,00   0,00   0,00 -25,00   0,00   0,00   0,00   0,00 
From state 1003:    0,00   0,00   0,00   0,00   0,00   0,00   0,00   0,00 
From state 1004:    0,00   0,00   0,00   0,00   0,00   0,00   0,00   0,00 
From state 1005:    0,00   0,00   0,00   0,00   0,00   0,00   0,00   0,00 
From state 1006:    0,00   0,00   0,00   0,00   0,00   0,00   0,00   0,00 
From state 1007:    0,00   0,00   0,00   0,00   0,00   0,00   0,00   0,00 
From state 1008:    0,00   0,00   0,00   0,00   0,00   0,00   0,00   0,00 
From state 1009:    0,00   0,00   0,00   0,00   0,00   0,00   0,00   0,00 
From state 1010:    0,00   0,00   0,00   0,00   0,00   0,00   0,00   0,00 
From state 1011:    0,00   0,00   0,00   0,00   0,00   0,00   0,00   0,00 
From state 1012:    0,00   0,00   0,00   0,00   0,00   0,00   0,00   0,00 
From state 1013:    0,00   0,00   0,00   0,00   0,00   0,00   0,00   0,00 
From state 1014:    0,00   0,00   0,00   0,00   0,00   0,00   0,00   0,00 
From state 1015:    0,00   0,00   0,00   0,00   0,00   0,00   0,00   0,00 
From state 1016:    0,00   0,00   0,00   0,00   0,00   0,00   0,00   0,00 
From state 1017:    0,00   0,00   0,00   0,00   0,00   0,00   0,00   0,00 
From state 1018:    0,00   0,00   0,00   0,00   0,00   0,00   0,00  -0,50 
From state 1019:    0,00   0,00   0,00   0,00   0,00   0,00   0,00   0,00 
From state 1020:    0,00   0,00   0,00   0,00   0,00   0,00   0,00   0,00 
From state 1021:    0,00   0,00   0,00   0,00   0,00   0,00   0,00   0,00 
From state 1022:    0,00   0,00   0,00   0,00   0,00   0,00   0,00   0,00 
From state 1023:    0,00   0,00   0,00   0,00   0,00   0,00   0,00   0,00 